435
510
517
576
589
631
676
683
786
812
864
889
919
928
961
1024
1079
1089
1097
1122
1157
1166
1186
1191
1228
1296
1312
1319
1324
1347
1424
1615
1648
1713
1845
1881
1902
1991
2136
2138
2150
2152
2161
2171
2239
2244
2383
2415
982
884
1530
2960
2423
4095
4108
6801
6811
6916
7102
7129
7357
11345
13311
13469
1585
1862
2078
1924
7420
9855
9901
9924
9941
626
856
944
1784
2617
3688
3887
10969
13599
13684
2129
1757
3510
3064
2204
2526
1269
2174
1481
10563
1297
10513
1887
1236
2099
1573
2225
2759
2036
2371
1795
3081
2747
1833
